{
 "cells": [
  {
   "cell_type": "code",
   "execution_count": 1,
   "metadata": {},
   "outputs": [],
   "source": [
    "import os\n",
    "import seaborn as sns\n",
    "import pandas as pd\n",
    "import matplotlib.pyplot as plt"
   ]
  },
  {
   "cell_type": "code",
   "execution_count": 2,
   "metadata": {},
   "outputs": [],
   "source": [
    "algorithm = 'ONMOEAD'\n",
    "date = '2020_3_21'\n",
    "instance_name = 'r050n12tw10k11'\n",
    "file_path = '/home/renansantos/Área de Trabalho/Doutorado/PhD_2019_01/PhD_2019_01/Results_2020'\n",
    "file_name = 'onmoead-initial_population.csv'"
   ]
  },
  {
   "cell_type": "code",
   "execution_count": 3,
   "metadata": {},
   "outputs": [],
   "source": [
    "f = open(os.path.join(file_path, algorithm, instance_name + '_' + date, file_name),'r',encoding='utf-8')\n",
    "data = f.readlines()\n",
    "data[0]\n",
    "splitted_data = [i.split('\\t')[1] for i in data]\n",
    "splitted_data = [[float(j) for j in i.split(',')] for i in splitted_data]"
   ]
  },
  {
   "cell_type": "code",
   "execution_count": 4,
   "metadata": {},
   "outputs": [],
   "source": [
    "data_df = pd.DataFrame(data=splitted_data, columns = 'f1 f2 f3 f4 f5 f6 f7 f8'.split())"
   ]
  },
  {
   "cell_type": "code",
   "execution_count": 5,
   "metadata": {},
   "outputs": [
    {
     "data": {
      "text/html": [
       "<div>\n",
       "<style scoped>\n",
       "    .dataframe tbody tr th:only-of-type {\n",
       "        vertical-align: middle;\n",
       "    }\n",
       "\n",
       "    .dataframe tbody tr th {\n",
       "        vertical-align: top;\n",
       "    }\n",
       "\n",
       "    .dataframe thead th {\n",
       "        text-align: right;\n",
       "    }\n",
       "</style>\n",
       "<table border=\"1\" class=\"dataframe\">\n",
       "  <thead>\n",
       "    <tr style=\"text-align: right;\">\n",
       "      <th></th>\n",
       "      <th>f1</th>\n",
       "      <th>f2</th>\n",
       "      <th>f3</th>\n",
       "      <th>f4</th>\n",
       "      <th>f5</th>\n",
       "      <th>f6</th>\n",
       "      <th>f7</th>\n",
       "      <th>f8</th>\n",
       "    </tr>\n",
       "  </thead>\n",
       "  <tbody>\n",
       "    <tr>\n",
       "      <th>0</th>\n",
       "      <td>182486.0</td>\n",
       "      <td>147.0</td>\n",
       "      <td>143.0</td>\n",
       "      <td>11.0</td>\n",
       "      <td>1033.0</td>\n",
       "      <td>139.0</td>\n",
       "      <td>1280.0</td>\n",
       "      <td>0.826446</td>\n",
       "    </tr>\n",
       "    <tr>\n",
       "      <th>1</th>\n",
       "      <td>160196.0</td>\n",
       "      <td>116.0</td>\n",
       "      <td>150.0</td>\n",
       "      <td>9.0</td>\n",
       "      <td>1011.0</td>\n",
       "      <td>117.0</td>\n",
       "      <td>1284.0</td>\n",
       "      <td>0.767677</td>\n",
       "    </tr>\n",
       "    <tr>\n",
       "      <th>2</th>\n",
       "      <td>148746.0</td>\n",
       "      <td>462.0</td>\n",
       "      <td>151.0</td>\n",
       "      <td>8.0</td>\n",
       "      <td>1500.0</td>\n",
       "      <td>105.0</td>\n",
       "      <td>1208.0</td>\n",
       "      <td>0.727273</td>\n",
       "    </tr>\n",
       "    <tr>\n",
       "      <th>3</th>\n",
       "      <td>149889.0</td>\n",
       "      <td>105.0</td>\n",
       "      <td>147.0</td>\n",
       "      <td>9.0</td>\n",
       "      <td>975.0</td>\n",
       "      <td>136.0</td>\n",
       "      <td>1303.0</td>\n",
       "      <td>0.797980</td>\n",
       "    </tr>\n",
       "    <tr>\n",
       "      <th>4</th>\n",
       "      <td>166073.0</td>\n",
       "      <td>195.0</td>\n",
       "      <td>172.0</td>\n",
       "      <td>11.0</td>\n",
       "      <td>1168.0</td>\n",
       "      <td>160.0</td>\n",
       "      <td>1219.0</td>\n",
       "      <td>0.776860</td>\n",
       "    </tr>\n",
       "    <tr>\n",
       "      <th>...</th>\n",
       "      <td>...</td>\n",
       "      <td>...</td>\n",
       "      <td>...</td>\n",
       "      <td>...</td>\n",
       "      <td>...</td>\n",
       "      <td>...</td>\n",
       "      <td>...</td>\n",
       "      <td>...</td>\n",
       "    </tr>\n",
       "    <tr>\n",
       "      <th>95</th>\n",
       "      <td>165194.0</td>\n",
       "      <td>176.0</td>\n",
       "      <td>162.0</td>\n",
       "      <td>9.0</td>\n",
       "      <td>1194.0</td>\n",
       "      <td>162.0</td>\n",
       "      <td>1155.0</td>\n",
       "      <td>0.757576</td>\n",
       "    </tr>\n",
       "    <tr>\n",
       "      <th>96</th>\n",
       "      <td>147040.0</td>\n",
       "      <td>483.0</td>\n",
       "      <td>156.0</td>\n",
       "      <td>9.0</td>\n",
       "      <td>1518.0</td>\n",
       "      <td>162.0</td>\n",
       "      <td>1151.0</td>\n",
       "      <td>0.747475</td>\n",
       "    </tr>\n",
       "    <tr>\n",
       "      <th>97</th>\n",
       "      <td>174543.0</td>\n",
       "      <td>119.0</td>\n",
       "      <td>128.0</td>\n",
       "      <td>12.0</td>\n",
       "      <td>785.0</td>\n",
       "      <td>153.0</td>\n",
       "      <td>1455.0</td>\n",
       "      <td>0.825758</td>\n",
       "    </tr>\n",
       "    <tr>\n",
       "      <th>98</th>\n",
       "      <td>172780.0</td>\n",
       "      <td>174.0</td>\n",
       "      <td>127.0</td>\n",
       "      <td>10.0</td>\n",
       "      <td>1064.0</td>\n",
       "      <td>113.0</td>\n",
       "      <td>1280.0</td>\n",
       "      <td>0.781818</td>\n",
       "    </tr>\n",
       "    <tr>\n",
       "      <th>99</th>\n",
       "      <td>167660.0</td>\n",
       "      <td>472.0</td>\n",
       "      <td>150.0</td>\n",
       "      <td>12.0</td>\n",
       "      <td>1364.0</td>\n",
       "      <td>141.0</td>\n",
       "      <td>1323.0</td>\n",
       "      <td>0.795455</td>\n",
       "    </tr>\n",
       "  </tbody>\n",
       "</table>\n",
       "<p>100 rows × 8 columns</p>\n",
       "</div>"
      ],
      "text/plain": [
       "          f1     f2     f3    f4      f5     f6      f7        f8\n",
       "0   182486.0  147.0  143.0  11.0  1033.0  139.0  1280.0  0.826446\n",
       "1   160196.0  116.0  150.0   9.0  1011.0  117.0  1284.0  0.767677\n",
       "2   148746.0  462.0  151.0   8.0  1500.0  105.0  1208.0  0.727273\n",
       "3   149889.0  105.0  147.0   9.0   975.0  136.0  1303.0  0.797980\n",
       "4   166073.0  195.0  172.0  11.0  1168.0  160.0  1219.0  0.776860\n",
       "..       ...    ...    ...   ...     ...    ...     ...       ...\n",
       "95  165194.0  176.0  162.0   9.0  1194.0  162.0  1155.0  0.757576\n",
       "96  147040.0  483.0  156.0   9.0  1518.0  162.0  1151.0  0.747475\n",
       "97  174543.0  119.0  128.0  12.0   785.0  153.0  1455.0  0.825758\n",
       "98  172780.0  174.0  127.0  10.0  1064.0  113.0  1280.0  0.781818\n",
       "99  167660.0  472.0  150.0  12.0  1364.0  141.0  1323.0  0.795455\n",
       "\n",
       "[100 rows x 8 columns]"
      ]
     },
     "execution_count": 5,
     "metadata": {},
     "output_type": "execute_result"
    }
   ],
   "source": [
    "data_df"
   ]
  },
  {
   "cell_type": "code",
   "execution_count": 11,
   "metadata": {},
   "outputs": [
    {
     "data": {
      "text/html": [
       "<div>\n",
       "<style scoped>\n",
       "    .dataframe tbody tr th:only-of-type {\n",
       "        vertical-align: middle;\n",
       "    }\n",
       "\n",
       "    .dataframe tbody tr th {\n",
       "        vertical-align: top;\n",
       "    }\n",
       "\n",
       "    .dataframe thead th {\n",
       "        text-align: right;\n",
       "    }\n",
       "</style>\n",
       "<table border=\"1\" class=\"dataframe\">\n",
       "  <thead>\n",
       "    <tr style=\"text-align: right;\">\n",
       "      <th></th>\n",
       "      <th>f1</th>\n",
       "      <th>f2</th>\n",
       "      <th>f3</th>\n",
       "      <th>f4</th>\n",
       "      <th>f5</th>\n",
       "      <th>f6</th>\n",
       "      <th>f7</th>\n",
       "      <th>f8</th>\n",
       "    </tr>\n",
       "  </thead>\n",
       "  <tbody>\n",
       "    <tr>\n",
       "      <th>f1</th>\n",
       "      <td>1.000000</td>\n",
       "      <td>-0.126270</td>\n",
       "      <td>0.065006</td>\n",
       "      <td>0.560932</td>\n",
       "      <td>-0.164500</td>\n",
       "      <td>-0.138789</td>\n",
       "      <td>0.186357</td>\n",
       "      <td>0.438624</td>\n",
       "    </tr>\n",
       "    <tr>\n",
       "      <th>f2</th>\n",
       "      <td>-0.126270</td>\n",
       "      <td>1.000000</td>\n",
       "      <td>0.273728</td>\n",
       "      <td>-0.139680</td>\n",
       "      <td>0.852661</td>\n",
       "      <td>0.125691</td>\n",
       "      <td>-0.318130</td>\n",
       "      <td>-0.342770</td>\n",
       "    </tr>\n",
       "    <tr>\n",
       "      <th>f3</th>\n",
       "      <td>0.065006</td>\n",
       "      <td>0.273728</td>\n",
       "      <td>1.000000</td>\n",
       "      <td>0.294419</td>\n",
       "      <td>0.322126</td>\n",
       "      <td>-0.198386</td>\n",
       "      <td>-0.154378</td>\n",
       "      <td>0.135088</td>\n",
       "    </tr>\n",
       "    <tr>\n",
       "      <th>f4</th>\n",
       "      <td>0.560932</td>\n",
       "      <td>-0.139680</td>\n",
       "      <td>0.294419</td>\n",
       "      <td>1.000000</td>\n",
       "      <td>-0.220185</td>\n",
       "      <td>-0.191974</td>\n",
       "      <td>0.292945</td>\n",
       "      <td>0.794098</td>\n",
       "    </tr>\n",
       "    <tr>\n",
       "      <th>f5</th>\n",
       "      <td>-0.164500</td>\n",
       "      <td>0.852661</td>\n",
       "      <td>0.322126</td>\n",
       "      <td>-0.220185</td>\n",
       "      <td>1.000000</td>\n",
       "      <td>-0.057829</td>\n",
       "      <td>-0.746865</td>\n",
       "      <td>-0.529011</td>\n",
       "    </tr>\n",
       "    <tr>\n",
       "      <th>f6</th>\n",
       "      <td>-0.138789</td>\n",
       "      <td>0.125691</td>\n",
       "      <td>-0.198386</td>\n",
       "      <td>-0.191974</td>\n",
       "      <td>-0.057829</td>\n",
       "      <td>1.000000</td>\n",
       "      <td>0.080976</td>\n",
       "      <td>-0.068976</td>\n",
       "    </tr>\n",
       "    <tr>\n",
       "      <th>f7</th>\n",
       "      <td>0.186357</td>\n",
       "      <td>-0.318130</td>\n",
       "      <td>-0.154378</td>\n",
       "      <td>0.292945</td>\n",
       "      <td>-0.746865</td>\n",
       "      <td>0.080976</td>\n",
       "      <td>1.000000</td>\n",
       "      <td>0.561542</td>\n",
       "    </tr>\n",
       "    <tr>\n",
       "      <th>f8</th>\n",
       "      <td>0.438624</td>\n",
       "      <td>-0.342770</td>\n",
       "      <td>0.135088</td>\n",
       "      <td>0.794098</td>\n",
       "      <td>-0.529011</td>\n",
       "      <td>-0.068976</td>\n",
       "      <td>0.561542</td>\n",
       "      <td>1.000000</td>\n",
       "    </tr>\n",
       "  </tbody>\n",
       "</table>\n",
       "</div>"
      ],
      "text/plain": [
       "          f1        f2        f3        f4        f5        f6        f7  \\\n",
       "f1  1.000000 -0.126270  0.065006  0.560932 -0.164500 -0.138789  0.186357   \n",
       "f2 -0.126270  1.000000  0.273728 -0.139680  0.852661  0.125691 -0.318130   \n",
       "f3  0.065006  0.273728  1.000000  0.294419  0.322126 -0.198386 -0.154378   \n",
       "f4  0.560932 -0.139680  0.294419  1.000000 -0.220185 -0.191974  0.292945   \n",
       "f5 -0.164500  0.852661  0.322126 -0.220185  1.000000 -0.057829 -0.746865   \n",
       "f6 -0.138789  0.125691 -0.198386 -0.191974 -0.057829  1.000000  0.080976   \n",
       "f7  0.186357 -0.318130 -0.154378  0.292945 -0.746865  0.080976  1.000000   \n",
       "f8  0.438624 -0.342770  0.135088  0.794098 -0.529011 -0.068976  0.561542   \n",
       "\n",
       "          f8  \n",
       "f1  0.438624  \n",
       "f2 -0.342770  \n",
       "f3  0.135088  \n",
       "f4  0.794098  \n",
       "f5 -0.529011  \n",
       "f6 -0.068976  \n",
       "f7  0.561542  \n",
       "f8  1.000000  "
      ]
     },
     "execution_count": 11,
     "metadata": {},
     "output_type": "execute_result"
    }
   ],
   "source": [
    "data_df.corr(method='pearson')"
   ]
  },
  {
   "cell_type": "code",
   "execution_count": 14,
   "metadata": {},
   "outputs": [
    {
     "data": {
      "text/html": [
       "<div>\n",
       "<style scoped>\n",
       "    .dataframe tbody tr th:only-of-type {\n",
       "        vertical-align: middle;\n",
       "    }\n",
       "\n",
       "    .dataframe tbody tr th {\n",
       "        vertical-align: top;\n",
       "    }\n",
       "\n",
       "    .dataframe thead th {\n",
       "        text-align: right;\n",
       "    }\n",
       "</style>\n",
       "<table border=\"1\" class=\"dataframe\">\n",
       "  <thead>\n",
       "    <tr style=\"text-align: right;\">\n",
       "      <th></th>\n",
       "      <th>f1</th>\n",
       "      <th>f2</th>\n",
       "      <th>f3</th>\n",
       "      <th>f4</th>\n",
       "      <th>f5</th>\n",
       "      <th>f6</th>\n",
       "      <th>f7</th>\n",
       "      <th>f8</th>\n",
       "    </tr>\n",
       "  </thead>\n",
       "  <tbody>\n",
       "    <tr>\n",
       "      <th>f1</th>\n",
       "      <td>1.000000</td>\n",
       "      <td>-0.088849</td>\n",
       "      <td>0.081737</td>\n",
       "      <td>0.546256</td>\n",
       "      <td>-0.099601</td>\n",
       "      <td>-0.096070</td>\n",
       "      <td>0.137446</td>\n",
       "      <td>0.410482</td>\n",
       "    </tr>\n",
       "    <tr>\n",
       "      <th>f2</th>\n",
       "      <td>-0.088849</td>\n",
       "      <td>1.000000</td>\n",
       "      <td>0.303885</td>\n",
       "      <td>-0.141623</td>\n",
       "      <td>0.859882</td>\n",
       "      <td>0.081719</td>\n",
       "      <td>-0.269984</td>\n",
       "      <td>-0.327307</td>\n",
       "    </tr>\n",
       "    <tr>\n",
       "      <th>f3</th>\n",
       "      <td>0.081737</td>\n",
       "      <td>0.303885</td>\n",
       "      <td>1.000000</td>\n",
       "      <td>0.233409</td>\n",
       "      <td>0.309121</td>\n",
       "      <td>-0.125072</td>\n",
       "      <td>-0.109691</td>\n",
       "      <td>0.032325</td>\n",
       "    </tr>\n",
       "    <tr>\n",
       "      <th>f4</th>\n",
       "      <td>0.546256</td>\n",
       "      <td>-0.141623</td>\n",
       "      <td>0.233409</td>\n",
       "      <td>1.000000</td>\n",
       "      <td>-0.188690</td>\n",
       "      <td>-0.149523</td>\n",
       "      <td>0.265243</td>\n",
       "      <td>0.789649</td>\n",
       "    </tr>\n",
       "    <tr>\n",
       "      <th>f5</th>\n",
       "      <td>-0.099601</td>\n",
       "      <td>0.859882</td>\n",
       "      <td>0.309121</td>\n",
       "      <td>-0.188690</td>\n",
       "      <td>1.000000</td>\n",
       "      <td>-0.022903</td>\n",
       "      <td>-0.678414</td>\n",
       "      <td>-0.488336</td>\n",
       "    </tr>\n",
       "    <tr>\n",
       "      <th>f6</th>\n",
       "      <td>-0.096070</td>\n",
       "      <td>0.081719</td>\n",
       "      <td>-0.125072</td>\n",
       "      <td>-0.149523</td>\n",
       "      <td>-0.022903</td>\n",
       "      <td>1.000000</td>\n",
       "      <td>0.068949</td>\n",
       "      <td>-0.044074</td>\n",
       "    </tr>\n",
       "    <tr>\n",
       "      <th>f7</th>\n",
       "      <td>0.137446</td>\n",
       "      <td>-0.269984</td>\n",
       "      <td>-0.109691</td>\n",
       "      <td>0.265243</td>\n",
       "      <td>-0.678414</td>\n",
       "      <td>0.068949</td>\n",
       "      <td>1.000000</td>\n",
       "      <td>0.521330</td>\n",
       "    </tr>\n",
       "    <tr>\n",
       "      <th>f8</th>\n",
       "      <td>0.410482</td>\n",
       "      <td>-0.327307</td>\n",
       "      <td>0.032325</td>\n",
       "      <td>0.789649</td>\n",
       "      <td>-0.488336</td>\n",
       "      <td>-0.044074</td>\n",
       "      <td>0.521330</td>\n",
       "      <td>1.000000</td>\n",
       "    </tr>\n",
       "  </tbody>\n",
       "</table>\n",
       "</div>"
      ],
      "text/plain": [
       "          f1        f2        f3        f4        f5        f6        f7  \\\n",
       "f1  1.000000 -0.088849  0.081737  0.546256 -0.099601 -0.096070  0.137446   \n",
       "f2 -0.088849  1.000000  0.303885 -0.141623  0.859882  0.081719 -0.269984   \n",
       "f3  0.081737  0.303885  1.000000  0.233409  0.309121 -0.125072 -0.109691   \n",
       "f4  0.546256 -0.141623  0.233409  1.000000 -0.188690 -0.149523  0.265243   \n",
       "f5 -0.099601  0.859882  0.309121 -0.188690  1.000000 -0.022903 -0.678414   \n",
       "f6 -0.096070  0.081719 -0.125072 -0.149523 -0.022903  1.000000  0.068949   \n",
       "f7  0.137446 -0.269984 -0.109691  0.265243 -0.678414  0.068949  1.000000   \n",
       "f8  0.410482 -0.327307  0.032325  0.789649 -0.488336 -0.044074  0.521330   \n",
       "\n",
       "          f8  \n",
       "f1  0.410482  \n",
       "f2 -0.327307  \n",
       "f3  0.032325  \n",
       "f4  0.789649  \n",
       "f5 -0.488336  \n",
       "f6 -0.044074  \n",
       "f7  0.521330  \n",
       "f8  1.000000  "
      ]
     },
     "execution_count": 14,
     "metadata": {},
     "output_type": "execute_result"
    }
   ],
   "source": [
    "data_df.corr(method='spearman')"
   ]
  },
  {
   "cell_type": "code",
   "execution_count": 13,
   "metadata": {},
   "outputs": [
    {
     "data": {
      "text/html": [
       "<div>\n",
       "<style scoped>\n",
       "    .dataframe tbody tr th:only-of-type {\n",
       "        vertical-align: middle;\n",
       "    }\n",
       "\n",
       "    .dataframe tbody tr th {\n",
       "        vertical-align: top;\n",
       "    }\n",
       "\n",
       "    .dataframe thead th {\n",
       "        text-align: right;\n",
       "    }\n",
       "</style>\n",
       "<table border=\"1\" class=\"dataframe\">\n",
       "  <thead>\n",
       "    <tr style=\"text-align: right;\">\n",
       "      <th></th>\n",
       "      <th>f1</th>\n",
       "      <th>f2</th>\n",
       "      <th>f3</th>\n",
       "      <th>f4</th>\n",
       "      <th>f5</th>\n",
       "      <th>f6</th>\n",
       "      <th>f7</th>\n",
       "      <th>f8</th>\n",
       "    </tr>\n",
       "  </thead>\n",
       "  <tbody>\n",
       "    <tr>\n",
       "      <th>f1</th>\n",
       "      <td>1.000000</td>\n",
       "      <td>-0.057860</td>\n",
       "      <td>0.051914</td>\n",
       "      <td>0.405514</td>\n",
       "      <td>-0.068952</td>\n",
       "      <td>-0.063888</td>\n",
       "      <td>0.087221</td>\n",
       "      <td>0.280249</td>\n",
       "    </tr>\n",
       "    <tr>\n",
       "      <th>f2</th>\n",
       "      <td>-0.057860</td>\n",
       "      <td>1.000000</td>\n",
       "      <td>0.210817</td>\n",
       "      <td>-0.109932</td>\n",
       "      <td>0.672876</td>\n",
       "      <td>0.046048</td>\n",
       "      <td>-0.185429</td>\n",
       "      <td>-0.226723</td>\n",
       "    </tr>\n",
       "    <tr>\n",
       "      <th>f3</th>\n",
       "      <td>0.051914</td>\n",
       "      <td>0.210817</td>\n",
       "      <td>1.000000</td>\n",
       "      <td>0.165705</td>\n",
       "      <td>0.205596</td>\n",
       "      <td>-0.083574</td>\n",
       "      <td>-0.073911</td>\n",
       "      <td>0.021874</td>\n",
       "    </tr>\n",
       "    <tr>\n",
       "      <th>f4</th>\n",
       "      <td>0.405514</td>\n",
       "      <td>-0.109932</td>\n",
       "      <td>0.165705</td>\n",
       "      <td>1.000000</td>\n",
       "      <td>-0.137126</td>\n",
       "      <td>-0.103485</td>\n",
       "      <td>0.190020</td>\n",
       "      <td>0.641062</td>\n",
       "    </tr>\n",
       "    <tr>\n",
       "      <th>f5</th>\n",
       "      <td>-0.068952</td>\n",
       "      <td>0.672876</td>\n",
       "      <td>0.205596</td>\n",
       "      <td>-0.137126</td>\n",
       "      <td>1.000000</td>\n",
       "      <td>-0.022605</td>\n",
       "      <td>-0.499089</td>\n",
       "      <td>-0.353999</td>\n",
       "    </tr>\n",
       "    <tr>\n",
       "      <th>f6</th>\n",
       "      <td>-0.063888</td>\n",
       "      <td>0.046048</td>\n",
       "      <td>-0.083574</td>\n",
       "      <td>-0.103485</td>\n",
       "      <td>-0.022605</td>\n",
       "      <td>1.000000</td>\n",
       "      <td>0.056457</td>\n",
       "      <td>-0.018899</td>\n",
       "    </tr>\n",
       "    <tr>\n",
       "      <th>f7</th>\n",
       "      <td>0.087221</td>\n",
       "      <td>-0.185429</td>\n",
       "      <td>-0.073911</td>\n",
       "      <td>0.190020</td>\n",
       "      <td>-0.499089</td>\n",
       "      <td>0.056457</td>\n",
       "      <td>1.000000</td>\n",
       "      <td>0.373492</td>\n",
       "    </tr>\n",
       "    <tr>\n",
       "      <th>f8</th>\n",
       "      <td>0.280249</td>\n",
       "      <td>-0.226723</td>\n",
       "      <td>0.021874</td>\n",
       "      <td>0.641062</td>\n",
       "      <td>-0.353999</td>\n",
       "      <td>-0.018899</td>\n",
       "      <td>0.373492</td>\n",
       "      <td>1.000000</td>\n",
       "    </tr>\n",
       "  </tbody>\n",
       "</table>\n",
       "</div>"
      ],
      "text/plain": [
       "          f1        f2        f3        f4        f5        f6        f7  \\\n",
       "f1  1.000000 -0.057860  0.051914  0.405514 -0.068952 -0.063888  0.087221   \n",
       "f2 -0.057860  1.000000  0.210817 -0.109932  0.672876  0.046048 -0.185429   \n",
       "f3  0.051914  0.210817  1.000000  0.165705  0.205596 -0.083574 -0.073911   \n",
       "f4  0.405514 -0.109932  0.165705  1.000000 -0.137126 -0.103485  0.190020   \n",
       "f5 -0.068952  0.672876  0.205596 -0.137126  1.000000 -0.022605 -0.499089   \n",
       "f6 -0.063888  0.046048 -0.083574 -0.103485 -0.022605  1.000000  0.056457   \n",
       "f7  0.087221 -0.185429 -0.073911  0.190020 -0.499089  0.056457  1.000000   \n",
       "f8  0.280249 -0.226723  0.021874  0.641062 -0.353999 -0.018899  0.373492   \n",
       "\n",
       "          f8  \n",
       "f1  0.280249  \n",
       "f2 -0.226723  \n",
       "f3  0.021874  \n",
       "f4  0.641062  \n",
       "f5 -0.353999  \n",
       "f6 -0.018899  \n",
       "f7  0.373492  \n",
       "f8  1.000000  "
      ]
     },
     "execution_count": 13,
     "metadata": {},
     "output_type": "execute_result"
    }
   ],
   "source": [
    "data_df.corr(method='kendall')"
   ]
  },
  {
   "cell_type": "code",
   "execution_count": 7,
   "metadata": {},
   "outputs": [
    {
     "data": {
      "text/plain": [
       "<seaborn.axisgrid.PairGrid at 0x7f78c25240b8>"
      ]
     },
     "execution_count": 7,
     "metadata": {},
     "output_type": "execute_result"
    },
    {
     "data": {
